0.000000000000000000e+00
1.804511278195488899e-01
3.609022556390977798e-01
5.413533834586466975e-01
7.218045112781955597e-01
9.022556390977444218e-01
1.082706766917293395e+00
1.263157894736842257e+00
1.443609022556391119e+00
1.624060150375939982e+00
1.804511278195488844e+00
1.984962406015037706e+00
2.165413533834586790e+00
2.345864661654135652e+00
2.526315789473684514e+00
2.706766917293233377e+00
2.887218045112782239e+00
3.067669172932331101e+00
3.248120300751879963e+00
3.428571428571428825e+00
