0.000000000000000000e+00
1.152769196888536235e-09
9.878706002958302508e-07
4.255193279496666123e-05
5.074198099080507287e-04
2.879026841977726930e-03
9.955569254727668696e-03
2.407242932210185843e-02
4.437133693902806097e-02
6.612734708838155506e-02
8.312724920292896558e-02
9.095615625923776648e-02
8.869354571178468538e-02
7.844253270145699897e-02
6.371921016487940015e-02
4.792328873491723262e-02
3.348827275037153522e-02
2.170166925818984779e-02
1.292050616783587021e-02
6.912667877598070547e-03
