0.000000000000000000e+00
1.152769196888539337e-09
9.878706002958323684e-07
4.255193279496664768e-05
5.074198099080520297e-04
2.879026841977728665e-03
9.955569254727680839e-03
2.407242932210191047e-02
4.437133693902814424e-02
6.612734708838167996e-02
8.312724920292892394e-02
9.095615625923780811e-02
8.869354571178475477e-02
7.844253270145692958e-02
6.371921016487945566e-02
4.792328873491718405e-02
3.348827275037148665e-02
2.170166925818975759e-02
1.292050616783587021e-02
6.912667877598035852e-03
