0.000000000000000000e+00
1.152769196888536235e-09
9.878706002958302508e-07
4.255193279496663413e-05
5.074198099080508371e-04
2.879026841977726063e-03
9.955569254727673900e-03
2.407242932210185149e-02
4.437133693902808873e-02
6.612734708838149955e-02
8.312724920292877129e-02
9.095615625923769709e-02
8.869354571178487967e-02
7.844253270145709611e-02
6.371921016487942790e-02
4.792328873491736446e-02
3.348827275037159767e-02
2.170166925818980616e-02
1.292050616783588755e-02
6.912667877598045393e-03
