0.000000000000000000e+00
2.526315789473684847e-01
5.052631578947369695e-01
7.578947368421053987e-01
1.010526315789473939e+00
1.263157894736842479e+00
1.515789473684210797e+00
1.768421052631579338e+00
2.021052631578947878e+00
2.273684210526316196e+00
2.526315789473684958e+00
2.778947368421053277e+00
3.031578947368421595e+00
3.284210526315790357e+00
3.536842105263158675e+00
3.789473684210527438e+00
4.042105263157895756e+00
4.294736842105264074e+00
4.547368421052632392e+00
4.800000000000000711e+00
