0.000000000000000000e+00
4.210526315789473450e-01
8.421052631578946901e-01
1.263157894736842035e+00
1.684210526315789380e+00
2.105263157894736725e+00
2.526315789473684070e+00
2.947368421052631415e+00
3.368421052631578760e+00
3.789473684210526105e+00
4.210526315789473450e+00
4.631578947368421240e+00
5.052631578947368141e+00
5.473684210526315042e+00
5.894736842105262831e+00
6.315789473684210620e+00
6.736842105263157521e+00
7.157894736842104422e+00
7.578947368421052211e+00
8.000000000000000000e+00
