0.000000000000000000e+00
1.403508771929824483e-01
2.807017543859648967e-01
4.210526315789473450e-01
5.614035087719297934e-01
7.017543859649122417e-01
8.421052631578946901e-01
9.824561403508771384e-01
1.122807017543859587e+00
1.263157894736842035e+00
1.403508771929824483e+00
1.543859649122806932e+00
1.684210526315789380e+00
1.824561403508771829e+00
1.964912280701754277e+00
2.105263157894736725e+00
2.245614035087719174e+00
2.385964912280701622e+00
2.526315789473684070e+00
2.666666666666666519e+00
